111111111111111111111111111111
111111111111111111111111111111
111111110000000000111111110001
111111000000111000011111100001
111100000111111000001101100001
111000011111111110000010000001
111000011111111110000000000001
111111111111111110000000000001
111111111111111000001111110001
111111111111110000011111110001
111111111110000000111111110001
111111111111110000001111110001
111111111111111000001111110001
111111111111111100000111110001
111111111111111110000001110001
111111111111111100000011110001
111111111111110000000111110001
111100011110000000111111110001
111110000000001111111111110001
111111111111111111111111111111
